
GEOMETRY DEFINITION


NODES ID, X, Y, X

6  31  41  15
7  39  41  15
10  31  33  15
11  39  33  15
17  31  41  25
18  39  41  25
19  31  33  25
20  39  33  25
21  31  41  37
22  39  41  37
23  31  33  37
24  39  33  37
 
 
LINES NODE 1 - NODE 2

15
10  19  
19  23  
11  20  
20  24  
6  17  
17  21  
7  18  
18  22  
24  11  
11  20  
21  22  
22  21  
21  23  
23  24  
22  24

 
 
SENSORS [ID,DIR (1-x, 2-y, 3-z)]
 
6
17   1   0   0
17   0   1   0
18   0   1   0
21   1   0   0
21   0   1   0
22   0   1   0
 
 
COLOR PLANE
10 11 20 19
11 7 18 20
7 6 17 18
6 10 19 17
22  21  23  24
17 19 23 21
19 20 24 23
20 18 22 24
18 17 21 22


 
 
RIGID_PLANES
18  17  19  20
22  21  23  24
